Anchor
1
863 318

Soldier
4
801 288
862 265
855 337
906 328

Enemy
62
1830 446
1874 511
1957 526
2010 466
2755 944
2707 989
2709 1071
2759 1138
807 1528
856 1492
862 1421
804 1364
2320 1635
1378 1578
1441 1581
1504 1583
1570 1582
2301 1261
2357 1197
2301 1140
2346 1047
2296 991
1606 1027
2016 1255
2053 1201
2133 1171
2037 1051
2109 1004
2165 1074
2046 882
2189 874
2245 826
1633 852
1787 1467
1835 1468
1876 1466
1784 1522
1829 1518
1876 1523
2021 1467
2068 1466
2115 1465
2026 1522
2074 1517
2133 1518
1471 1229
1460 1207
1384 805
1823 1159
1675 1158
1724 1099
1862 1047
1635 1250
1836 1033
1886 1069
1612 1231
1650 1277
1755 1229
1808 1180
1624 1113
1687 1054
1740 1236

Wall
532
1344 768
1344 800
1344 832
1344 864
1344 896
1344 928
1344 960
1344 992
1344 1024
1376 768
1408 768
1440 768
1472 768
1504 768
1536 768
1568 768
1600 768
1632 768
1664 768
1696 768
1728 768
1760 768
1792 768
1824 768
1504 928
1504 960
1504 992
1504 1024
1504 1056
1504 1088
1504 1120
1536 928
1568 928
1600 928
1632 928
1664 928
1696 928
1728 928
1760 928
1792 928
1504 1152
1504 1184
1504 1216
1504 1248
1504 1280
1504 1312
1504 1344
1824 928
1856 928
1888 928
1920 928
1952 928
1984 928
2016 928
2080 928
2112 928
2144 928
2176 928
2208 928
2240 928
1504 1376
1536 1376
1568 1376
1600 1376
1632 1376
1664 1376
1920 1376
1952 1376
1984 1376
2016 1376
2048 1376
2080 1376
2112 1376
2144 1376
2176 1376
2208 1376
2240 1376
2240 960
2240 992
2240 1024
2240 1056
2240 1088
2240 1120
2240 1152
2240 1184
2240 1216
2240 1248
2240 1280
2240 1312
2240 1344
2400 768
1856 768
1888 768
1920 768
1952 768
1984 768
2080 768
2112 768
2144 768
2208 768
2240 768
2272 768
2304 768
2368 768
2016 768
2048 768
2176 768
2336 768
2400 800
2400 832
2400 864
2400 896
2400 928
2400 960
2400 992
2400 1024
2400 1056
2400 1088
2400 1120
2400 1152
2400 1184
2400 1216
2400 1248
2400 1280
2400 1312
2400 1344
2400 1376
2400 1408
2400 1440
2240 1696
2272 1696
2304 1696
2336 1696
2368 1696
2400 1696
2400 1664
2400 1632
2400 1600
2400 1568
2400 1536
2400 1504
2400 1472
2208 1696
2176 1696
2144 1696
2112 1696
2080 1696
2048 1696
2016 1696
1984 1696
1952 1696
1792 1696
1760 1696
1728 1696
1696 1696
1664 1696
1632 1696
1600 1696
1568 1696
1536 1696
1504 1696
1472 1696
1440 1696
1408 1696
1376 1696
1344 1056
1344 1088
1344 1120
1344 1152
1344 1184
1344 1216
1344 1248
1344 1280
1344 1312
1344 1344
1344 1376
1344 1408
1344 1440
1344 1472
1344 1504
1344 1536
1344 1568
1344 1600
1344 1632
1344 1664
1344 1696
1408 1664
1408 1632
1408 1600
1472 1664
1472 1632
1472 1600
1536 1664
1536 1632
1536 1600
1600 1664
1600 1632
1600 1600
2368 1568
2336 1568
2304 1568
2272 1568
2272 1600
2272 1664
1568 800
1568 832
1696 832
1696 800
1984 896
2112 896
2112 864
1984 864
1984 832
2112 832
2272 1376
2304 1376
2336 1376
2272 896
2304 864
2336 832
2368 800
1984 960
1984 992
1984 1024
1984 1056
1984 1088
1984 1120
1984 1152
1984 1312
1984 1344
2016 1120
2048 1120
2144 1120
2176 1120
2208 1120
1536 1088
1568 1120
1600 1152
1664 960
1696 992
1728 1024
1632 1152
1728 1056
1536 960
1568 1024
1600 992
1632 1056
1856 1376
1888 1376
768 320
800 352
800 384
832 384
832 416
832 448
864 448
864 480
896 480
896 512
928 512
928 256
960 288
960 320
992 320
992 352
1024 352
1024 384
1056 384
1088 384
1088 416
1120 416
1120 448
1152 448
1248 416
1312 384
1344 384
1376 384
1408 384
1440 384
1472 384
1536 384
1568 384
1600 384
1632 384
1664 384
1696 384
1728 384
1760 384
1792 384
1184 448
1248 448
1280 416
1280 384
1504 384
1824 384
1216 448
928 544
928 576
928 608
896 608
896 640
864 640
864 672
864 704
864 736
832 736
832 768
832 800
832 832
800 832
800 864
800 896
800 928
800 960
800 992
800 1024
800 1056
768 1056
768 1088
768 1120
768 1152
768 1184
768 1216
736 1216
736 1248
736 1280
736 1312
736 1344
736 1504
736 1536
736 1568
736 1600
768 1600
768 1632
768 1664
768 1696
768 1728
800 1760
800 1792
800 1824
832 1824
832 1856
864 1856
864 1888
896 1888
896 1920
928 1920
960 1920
992 1920
1024 1920
1056 1920
1056 1952
1056 1984
1088 1984
1088 2016
1120 2016
1152 2016
1184 2016
1184 2048
1216 2048
1248 2048
1280 2048
1312 2048
1344 2048
1376 2048
1376 2080
1408 2080
1440 2080
1472 2080
1504 2080
1504 2112
1536 2112
1568 2112
1600 2112
1632 2112
1664 2144
1696 2144
1728 2144
1760 2144
1792 2144
1824 2144
1856 2144
1856 2176
1888 2176
1920 2176
1952 2176
1984 2176
1984 2208
2016 2208
2016 2176
2048 2176
2080 2176
2080 2144
2112 2144
2112 2112
2144 2112
2176 2112
2176 2080
2208 2080
2208 2048
2240 2048
2272 2048
2304 2048
2304 2016
2336 2016
2368 2016
2400 2016
2400 1984
2432 1984
2464 1984
2496 1984
2528 1984
2560 1984
2592 1984
2592 1952
2592 1920
2592 1888
2624 1856
2624 1824
2656 1824
2656 1792
2656 1760
2688 1760
2688 1728
2688 1696
2720 1696
2720 1664
2720 1632
2752 1632
2752 1600
2752 1568
2752 1504
2784 1472
2784 1440
2784 1408
2784 1376
2816 1376
2816 1344
2816 1312
2816 1280
2752 1536
2816 1248
2816 1216
2816 1120
2816 1088
2848 1088
2848 1056
2848 1024
2848 992
2848 960
2816 960
2816 928
2816 896
2816 864
2784 864
2784 832
2784 800
2752 800
2752 768
2816 1152
2816 1184
1984 384
2016 384
2048 384
2080 384
2080 352
2112 352
2144 352
2176 352
2208 352
2240 352
2272 352
2368 352
2400 352
2432 352
2432 384
2464 384
2464 416
2496 416
2496 448
2528 448
2560 480
2592 512
2656 544
2656 576
2688 576
2688 608
2720 640
2720 672
2720 704
2752 704
2752 736
2624 544
2304 352
2336 352
1920 352
1952 352
736 288
704 192
704 160
704 96
736 64
768 64
768 96
800 96
800 128
800 160
832 160
832 192
864 192
896 192
896 224
736 256
704 224
704 128
704 1472
704 1440
704 1408
704 1376
1856 352
1888 352
1696 1216
1760 1280
1792 1120
1856 1184
1856 1280
1568 1248
1632 1312
1856 992
1920 1056
1600 1280
1888 1024

Door
16
1856 1696
1888 1696
1824 1696
1920 1696
2048 928
1984 1184
1984 1216
2080 1120
2112 1120
1984 1248
1984 1280
1696 1376
1728 1376
1760 1376
1792 1376
1824 1376

Cage
32
2272 928
2304 896
2336 864
2368 832
2272 1344
2304 1344
2336 1344
1568 1664
1504 1664
1440 1664
1376 1664
2208 1344
2208 1280
2144 1344
2144 1280
2208 1216
2144 1216
2080 1280
2080 1344
2176 960
2208 992
1920 384
1952 384
2816 992
2816 1024
2816 1056
736 1472
736 1440
736 1408
736 1376
1856 384
1888 384

Goal
11
2368 1600
2368 1664
1536 1024
1536 992
1568 992
1568 960
1600 960
1600 800
1664 800
2272 864
2304 832
