Anchor
1
224 545

Soldier
2
196 517
229 539

Enemy
15
559 636
693 772
971 891
1059 958
1096 897
1301 856
1389 855
1312 963
1316 1057
1409 1050
1407 956
1345 816
1352 918
1354 1018
1235 851

Wall
175
160 480
192 480
224 480
256 480
160 576
192 576
224 576
256 576
128 576
96 544
128 480
96 448
32 480
64 544
64 512
32 448
32 416
64 384
96 416
288 480
320 480
288 576
320 576
352 512
384 512
352 576
384 576
384 608
416 640
416 512
448 544
448 576
480 576
448 640
448 672
480 704
512 704
512 576
544 576
576 576
608 576
640 608
544 704
544 736
576 768
608 768
608 800
672 640
704 640
736 640
768 672
768 704
640 832
672 864
704 864
736 864
768 736
768 768
800 800
736 896
736 928
832 832
864 864
768 928
800 960
832 960
832 992
864 992
928 992
896 864
928 832
960 832
896 1024
960 992
992 992
992 832
1024 800
1056 800
1088 832
1120 832
1024 992
1056 1024
1088 1024
1120 992
1152 960
1152 832
1184 800
1216 768
1248 768
1280 768
1312 768
1184 960
1216 992
1216 1024
1216 1056
1248 1088
1280 1120
1312 1152
1344 1152
1376 1152
1408 1120
1440 1120
1472 1088
1504 1056
1504 1024
1504 992
1504 960
1344 768
1376 768
1408 768
1440 768
1472 768
1472 800
1504 800
1504 832
1504 864
1504 896
1504 928
1536 864
1568 864
1600 864
1632 864
1664 896
1696 928
1696 960
1728 992
1728 1024
1632 1024
1632 992
1600 992
1568 960
1536 960
1632 1056
1632 1088
1728 1056
1760 1088
1760 1120
1664 1120
1664 1152
1664 1184
1696 1216
1696 1248
1728 1280
1760 1312
1792 1344
1824 1376
1792 1152
1824 1184
1856 1216
1888 1248
1888 1280
1888 1312
1920 1344
1952 1344
1984 1312
2016 1312
2048 1344
2080 1376
1856 1408
1856 1440
1856 1472
1888 1504
1920 1504
1952 1536
1984 1536
2016 1536
2048 1504
2080 1472
1984 1440
2112 1472
2112 1376
2144 1376
2176 1408
2144 1472
2176 1440

Door
3
1152 928
1152 896
1152 864

Cage
4
736 672
1024 832
1216 800
1440 800

Goal
3
1312 1120
1344 1120
1376 1120
