Anchor
1
725 846

Soldier
4
683 804
692 863
743 858
740 808

Enemy
39
1443 1044
1410 274
1306 906
1421 632
1670 571
1730 398
1514 1226
1692 1144
1875 745
1900 429
2151 599
2171 546
1107 336
1219 267
1048 792
1575 957
2231 873
2398 1027
2195 1135
2415 1187
2293 1061
2202 1042
2373 946
1270 636
1185 354
1408 1077
1606 1185
1833 806
1905 683
1809 343
2180 682
2270 979
2359 846
2321 1161
2458 1102
2468 994
2304 922
2262 1151
2371 1107

Wall
313
608 768
640 768
672 768
704 768
736 768
768 768
800 768
608 896
640 896
672 896
704 896
736 896
768 896
800 896
576 896
576 864
544 864
512 864
576 768
576 800
544 800
512 800
512 768
512 736
512 704
416 768
416 800
416 832
416 864
448 896
480 928
512 896
480 672
416 672
416 640
416 608
384 704
384 736
480 640
480 608
448 608
832 768
864 768
896 768
832 896
864 896
896 896
896 736
896 704
896 672
896 640
896 608
896 576
896 544
896 512
896 480
896 448
896 416
896 928
896 960
896 992
896 1024
896 1056
896 1088
928 992
928 1024
928 640
928 608
928 576
928 480
928 448
1152 608
1152 640
1184 640
1184 608
1216 928
1216 960
1248 960
1248 928
1440 704
1440 736
1472 736
1472 704
928 384
928 352
960 352
960 320
992 320
1024 320
1024 288
1056 288
1088 288
1088 256
1120 256
1152 256
1152 224
1184 224
1216 224
1216 192
1248 192
1280 192
1312 192
928 1120
960 1120
992 1152
1024 1152
1024 1184
1056 1184
1088 1184
1120 1184
1120 1216
1152 1216
1184 1216
1184 1248
1216 1248
1248 1248
1280 1248
1312 1248
1344 1248
1344 1280
1376 1280
1408 1280
1440 1280
1472 1280
1504 1280
1536 1280
1536 1312
1568 1280
1568 1312
1600 1280
1600 1312
1632 1312
1632 1280
1664 1280
1696 1280
1696 1248
1728 1248
1760 1248
1760 1216
1792 1216
1792 1184
1824 1184
1824 1152
1856 1152
1856 1120
1600 1056
1600 1088
1632 1088
1632 1056
1568 512
1600 512
1600 544
1568 544
1664 320
1664 352
1696 352
1696 320
1248 352
1248 384
1280 384
1280 352
1344 192
1376 192
1440 192
1504 192
1536 192
1568 192
1600 192
1632 192
1664 192
1696 192
1728 192
1728 224
1760 224
1792 224
1824 224
1824 256
1856 256
1888 256
1888 288
1920 288
1952 288
1952 320
1984 320
1472 192
1408 192
1344 224
1344 256
1344 288
1344 320
1376 320
1440 320
1472 320
1504 320
1504 288
1504 256
1504 224
1344 992
1344 1024
1344 1056
1344 1088
1344 1120
1376 1120
1408 1120
1440 1120
1472 1120
1504 1120
1504 1088
1504 1056
1504 1024
1504 992
1472 992
1408 992
1376 992
1856 1088
1856 1056
1888 1024
1888 992
1888 960
1888 928
1920 928
1920 896
1920 864
1920 832
1920 800
1952 768
1952 736
1984 704
2016 704
2016 672
2048 672
2048 640
2080 640
2016 352
2016 384
2048 384
2048 416
2080 416
2080 448
2112 448
2112 480
2144 480
2112 672
2112 704
2144 736
2144 768
2144 800
2144 832
2144 864
2144 896
2144 928
2176 480
2208 512
2240 544
2240 576
2272 576
2272 608
2304 608
2304 640
2336 640
2336 672
2368 672
2368 704
2400 704
2400 736
2400 768
2432 768
2432 800
2432 832
2432 864
2464 896
2144 960
2144 992
2112 992
2112 1024
2080 1056
2080 1088
2080 1120
2080 1152
2080 1184
2112 1184
2112 1216
2144 1216
2176 1216
2208 1216
2240 1216
2304 1248
2336 1248
2368 1248
2400 1248
2400 1280
2432 1280
2464 1280
2464 1248
2496 1248
2496 1216
2528 1216
2528 1184
2560 1184
2560 1152
2560 1120
2560 1088
2560 1056
2560 1024
2560 992
2560 960
2560 928
2560 896
2528 896
2496 896
2272 1248
2336 736
2368 736

Door
10
896 800
896 832
896 864
1440 992
1408 320
2208 736
2240 736
2176 736
2272 736
2304 736

Cage
8
1664 1248
1120 288
1920 320
2176 896
2176 928
2528 1056
2528 1088
1920 768

Goal
5
1376 1024
1472 224
2432 1248
2112 1152
2528 928
