Anchor
1
129 117

Soldier
6
46 135
63 98
90 65
132 47
172 42
49 178

Enemy
23
961 247
1035 198
1056 302
253 830
444 932
889 846
896 1100
1161 1230
1172 1275
556 311
483 931
515 940
232 1109
601 1195
731 1269
922 1194
302 1196
466 806
381 975
822 62
1083 242
984 306
658 804

Wall
345
0 0
0 32
32 0
0 64
0 96
0 128
0 160
0 192
0 224
0 256
0 288
0 320
0 352
0 384
0 416
0 448
0 480
0 512
0 544
0 576
0 608
0 640
64 0
96 0
128 0
160 0
192 0
224 0
256 0
288 0
320 0
352 0
384 0
416 0
448 0
480 0
512 0
544 0
576 0
608 0
32 224
64 224
96 224
128 224
160 224
224 32
224 64
224 96
224 128
640 0
672 0
704 0
736 0
768 0
800 0
832 0
864 0
896 0
928 0
960 0
992 0
1024 0
1056 0
1088 0
1120 0
1152 0
1184 0
1216 0
0 672
0 704
0 736
0 768
0 800
0 832
0 864
0 896
0 928
0 960
0 992
0 1024
0 1056
0 1088
1024 256
512 256
544 256
544 288
512 288
672 352
704 352
704 384
672 384
768 96
800 96
800 64
768 64
320 640
352 640
384 640
416 640
320 672
320 704
320 736
320 768
320 800
320 832
320 864
352 864
384 864
416 864
416 832
416 800
416 768
416 736
416 704
416 672
384 672
384 704
384 736
384 768
384 800
384 832
352 832
352 800
352 768
352 736
352 704
352 672
512 640
544 640
576 640
608 640
608 672
608 704
608 736
608 768
608 800
608 832
608 864
576 864
544 864
512 864
512 832
512 800
512 768
512 736
512 704
512 672
544 672
576 672
576 704
576 736
576 768
576 800
576 832
544 832
544 800
544 768
544 736
544 704
704 640
704 704
704 736
704 768
704 800
704 832
704 864
704 672
736 640
768 640
800 640
800 672
800 704
800 736
800 768
800 800
800 832
800 864
768 864
736 864
736 832
768 832
768 800
736 800
736 768
768 768
736 736
736 704
768 736
768 704
768 672
736 672
416 992
448 992
480 992
512 992
288 768
256 768
224 768
192 768
192 800
192 832
192 864
192 896
192 928
192 960
192 992
192 1024
192 1056
192 1088
192 1120
192 1152
224 1152
256 1152
288 1152
320 1152
352 1152
384 1152
512 1152
544 1152
576 1152
672 1152
736 1152
768 1152
800 1152
608 1152
704 1152
640 1152
832 1152
864 1152
896 1152
928 1152
960 1152
832 768
864 768
896 768
928 768
960 768
960 800
960 832
960 864
960 896
960 928
960 960
960 992
960 1024
960 1056
960 1088
960 1120
640 640
672 640
448 640
480 640
832 1120
832 1056
832 1088
0 1120
0 1152
0 1184
0 1216
0 1248
0 1280
0 1312
32 1312
64 1312
96 1312
128 1312
160 1312
192 1312
224 1312
256 1312
288 1312
320 1312
352 1312
384 1312
416 1312
448 1312
480 1312
512 1312
544 1312
576 1312
608 1312
640 1312
672 1312
704 1312
736 1312
768 1312
800 1312
832 1312
864 1312
896 1312
928 1312
960 1312
992 1312
1024 1312
1056 1312
1088 1312
1120 1312
1120 1280
1120 1248
1120 1184
1120 1152
1120 1216
1216 32
1216 96
1216 128
1216 160
1216 64
1216 192
1216 224
1216 256
1216 288
1216 320
1216 352
1216 384
1216 416
1216 448
1216 480
1216 512
1216 544
1216 576
1216 608
1216 640
1216 672
1216 704
1216 736
1216 768
1216 800
1216 832
1216 896
1216 928
1216 960
1216 864
1152 1312
1184 1312
1216 1312
1216 1280
1216 1248
1216 1216
1216 1184
1216 1152
1216 1120
1216 1088
1216 1056
1216 1024
1216 992

Door
7
416 1152
448 1152
480 1152
192 224
224 224
224 192
224 160

Goal
4
480 672
640 672
448 672
672 672
