Soldier
3
714 621
755 630
757 587

Enemy
6
620 632
490 621
404 270
608 276
461 461
751 275

Wall
85
672 544
672 608
672 640
672 672
704 672
736 672
768 672
800 672
800 640
800 608
800 576
800 544
768 544
736 544
800 512
800 480
800 448
800 416
800 384
800 352
640 672
608 672
576 672
544 672
512 672
480 672
448 672
416 672
800 320
800 288
800 256
800 224
384 672
352 672
640 544
608 544
576 544
544 544
512 544
480 544
448 544
352 544
352 576
352 608
352 640
352 512
352 480
352 448
768 416
736 416
704 416
672 416
640 416
608 416
576 416
352 416
352 384
352 352
352 320
352 288
352 256
352 224
384 224
416 224
448 224
480 224
512 224
544 224
576 224
608 224
640 224
672 224
704 224
736 224
768 224
704 256
704 288
704 320
384 416
416 416
480 416
448 416
512 256
512 288
512 320
